1
0
1
决斗
2
0
2
雌雄双股剑
2
1
0
3
顺手牵羊
1
0
4
顺手牵羊
2
0
5
青龙偃月刀
3
1
0
6
乐不思蜀
1
0
7
南蛮入侵
0
0
8
杀
0
0
9
杀
0
0
10
杀
1
0
11
顺手牵羊
2
0
12
丈八蛇矛
3
1
0
13
南蛮入侵
1
1
1
万箭齐发
0
1
2
闪
1
1
3
五谷丰登
1
1
4
五谷丰登
2
1
5
麒麟弓
5
1
1
6
乐不思蜀
1
1
7
无中生有
1
1
8
无中生有
1
1
9
无中生有
0
1
10
杀
1
1
11
无中生有
1
1
12
过河拆桥
0
1
13
闪
1
2
1
决斗
0
2
2
杀
0
2
3
杀
1
2
4
过河拆桥
0
2
5
杀
1
2
6
乐不思蜀
1
2
7
南蛮入侵
0
2
8
杀
0
2
9
杀
0
2
10
杀
0
2
11
杀
1
2
12
无懈可击
1
2
13
无懈可击
1
3
1
决斗
0
3
2
闪
1
3
3
顺手牵羊
1
3
4
顺手牵羊
2
3
5
贯石斧
3
0
3
6
闪
0
3
7
闪
0
3
8
杀
0
3
9
杀
0
3
10
杀
0
3
11
闪
2
3
12
方天画戟
4
0
3
13
杀
1
0
1
闪电
3
0
2
八卦阵
1
0
3
过河拆桥
1
0
4
过河拆桥
5
0
5
绝影
2
0
6
青钢剑
2
0
0
7
杀
0
0
8
杀
0
0
9
杀
0
0
10
杀
1
0
11
无懈可击
1
0
12
过河拆桥
4
0
13
大宛
1
1
1
桃园结义
0
1
2
闪
0
1
3
桃
0
1
4
桃
4
1
5
赤兔
0
1
6
桃
0
1
7
桃
0
1
8
桃
0
1
9
桃
0
1
10
杀
0
1
11
杀
0
1
12
桃
5
1
13
爪黄飞电
2
2
1
诸葛连弩
1
3
2
2
八卦阵
1
2
3
过河拆桥
0
2
4
杀
5
2
5
的卢
0
2
6
杀
0
2
7
杀
0
2
8
杀
0
2
9
杀
0
2
10
杀
0
2
11
杀
1
2
12
借刀杀人
1
2
13
借刀杀人
2
3
1
诸葛连弩
1
0
3
2
闪
0
3
3
闪
0
3
4
闪
0
3
5
闪
0
3
6
杀
0
3
7
杀
0
3
8
闪
0
3
9
闪
0
3
10
闪
0
3
11
闪
0
3
12
桃
4
3
13
紫骍
2
0
1
古锭刀
2
3
0
2
藤甲
0
0
3
酒
0
0
4
雷杀
0
0
5
雷杀
0
0
6
雷杀
0
0
7
雷杀
0
0
8
雷杀
0
0
9
酒
1
0
10
兵粮寸断
1
0
11
铁索连环
1
0
12
铁索连环
1
0
13
无懈可击
1
1
1
无懈可击
1
1
2
火攻
1
1
3
火攻
0
1
4
火杀
0
1
5
桃
0
1
6
桃
0
1
7
火杀
0
1
8
闪
0
1
9
闪
0
1
10
火杀
0
1
11
闪
0
1
12
闪
1
1
13
无懈可击
3
2
1
白银狮子
3
2
2
藤甲
0
2
3
酒
1
2
4
兵粮寸断
0
2
5
雷杀
0
2
6
雷杀
0
2
7
雷杀
0
2
8
雷杀
0
2
9
酒
1
2
10
铁索连环
1
2
11
铁索连环
1
2
12
铁索连环
1
2
13
铁索连环
2
3
1
朱雀羽扇
4
0
3
2
桃
0
3
3
桃
0
3
4
火杀
0
3
5
火杀
0
3
6
闪
0
3
7
闪
0
3
8
闪
0
3
9
闪
0
3
10
闪
1
3
11
火攻
0
3
12
闪
5
3
13
骅骝
2
0
2
寒冰剑
2
1
1
12
闪电
3
2
2
仁王盾
1
3
12
无懈可击